{
 "cells": [
  {
   "cell_type": "code",
   "execution_count": 1,
   "id": "2de9fa5f",
   "metadata": {},
   "outputs": [],
   "source": [
    "from xvla_wlr.agent import *"
   ]
  },
  {
   "cell_type": "code",
   "execution_count": 2,
   "id": "6f46320f",
   "metadata": {},
   "outputs": [
    {
     "name": "stderr",
     "output_type": "stream",
     "text": [
      "Florence2ForConditionalGeneration has generative capabilities, as `prepare_inputs_for_generation` is explicitly overwritten. However, it doesn't directly inherit from `GenerationMixin`. From 👉v4.50👈 onwards, `PreTrainedModel` will NOT inherit from `GenerationMixin`, and this model will lose the ability to call `generate` and other related functions.\n",
      "  - If you're using `trust_remote_code=True`, you can get rid of this warning by loading the model with an auto class. See https://huggingface.co/docs/transformers/en/model_doc/auto#auto-classes\n",
      "  - If you are the owner of the model architecture code, please modify your model class such that it inherits from `GenerationMixin` (after `PreTrainedModel`, otherwise you'll get an exception).\n",
      "  - If you are not the owner of the model architecture class, please contact the model code owner to update it.\n"
     ]
    }
   ],
   "source": [
    "xvla_agent = XVLAAgent(XVLAAgent.Config.sample())"
   ]
  },
  {
   "cell_type": "code",
   "execution_count": 14,
   "id": "f0ee612f",
   "metadata": {},
   "outputs": [
    {
     "data": {
      "text/plain": [
       "(12,\n",
       " {'position_loss': tensor(1088.7413, device='cuda:0', grad_fn=<MulBackward0>),\n",
       "  'rotate6D_loss': tensor(20.4648, device='cuda:0', grad_fn=<MulBackward0>),\n",
       "  'gripper_loss': tensor(0.6998, device='cuda:0', grad_fn=<MulBackward0>)})"
      ]
     },
     "execution_count": 14,
     "metadata": {},
     "output_type": "execute_result"
    }
   ],
   "source": [
    "xvla_agent.learn(\n",
    "    XVLAObservation.sample(),\n",
    "    XVLAAction.sample(),\n",
    ")"
   ]
  },
  {
   "cell_type": "code",
   "execution_count": 15,
   "id": "61b1b7f7",
   "metadata": {},
   "outputs": [
    {
     "name": "stdout",
     "output_type": "stream",
     "text": [
      "47.9 ms ± 616 μs per loop (mean ± std. dev. of 7 runs, 10 loops each)\n"
     ]
    }
   ],
   "source": [
    "%%timeit -n 10\n",
    "_ = xvla_agent.compute_losses(\n",
    "    XVLAObservation.sample(),\n",
    "    XVLAAction.sample(),\n",
    ")"
   ]
  },
  {
   "cell_type": "code",
   "execution_count": 16,
   "id": "ddf1e0c4",
   "metadata": {},
   "outputs": [],
   "source": [
    "_ = xvla_agent.compute_actions(XVLAObservation.sample())"
   ]
  },
  {
   "cell_type": "code",
   "execution_count": 17,
   "id": "ab9d5e6d",
   "metadata": {},
   "outputs": [],
   "source": [
    "xvla_agent.save(\"/tmp/some-checkpoint-a/checkpoint.json\", force=True)"
   ]
  },
  {
   "cell_type": "code",
   "execution_count": 4,
   "id": "c917fbcb",
   "metadata": {},
   "outputs": [],
   "source": [
    "from xvla_wlr.agent import *\n",
    "\n",
    "xvla_agent_restored = XVLAAgent(\"/tmp/some-checkpoint-a/checkpoint.json\")"
   ]
  },
  {
   "cell_type": "code",
   "execution_count": 5,
   "id": "228da583",
   "metadata": {},
   "outputs": [
    {
     "data": {
      "text/plain": [
       "(1,\n",
       " {'position_loss': tensor(1216.9983, grad_fn=<MulBackward0>),\n",
       "  'rotate6D_loss': tensor(22.4911, grad_fn=<MulBackward0>),\n",
       "  'gripper_loss': tensor(0.7276, grad_fn=<MulBackward0>)})"
      ]
     },
     "execution_count": 5,
     "metadata": {},
     "output_type": "execute_result"
    }
   ],
   "source": [
    "xvla_agent_restored.learn(\n",
    "    XVLAObservation.sample(),\n",
    "    XVLAAction.sample(),\n",
    ")"
   ]
  },
  {
   "cell_type": "code",
   "execution_count": 7,
   "id": "d9c41763",
   "metadata": {},
   "outputs": [
    {
     "data": {
      "text/plain": [
       "{'position_loss': tensor(1203.3071, grad_fn=<MulBackward0>),\n",
       " 'rotate6D_loss': tensor(22.1926, grad_fn=<MulBackward0>),\n",
       " 'gripper_loss': tensor(0.7241, grad_fn=<MulBackward0>)}"
      ]
     },
     "execution_count": 7,
     "metadata": {},
     "output_type": "execute_result"
    }
   ],
   "source": [
    "xvla_agent_restored.compute_losses(\n",
    "    XVLAObservation.sample(),\n",
    "    XVLAAction.sample(),\n",
    ")"
   ]
  },
  {
   "cell_type": "code",
   "execution_count": 8,
   "id": "9dc5c1c3",
   "metadata": {},
   "outputs": [
    {
     "data": {
      "text/plain": [
       "XVLAAction(ee_transforms=tensor([[[[[-4.4388e-01,  8.4707e-01,  2.9230e-01, -3.0592e-01],\n",
       "           [ 7.5352e-01,  5.2938e-01, -3.8983e-01, -2.0361e-01],\n",
       "           [-4.8495e-01,  4.7216e-02, -8.7327e-01, -2.1127e-01],\n",
       "           [ 0.0000e+00,  0.0000e+00,  0.0000e+00,  1.0000e+00]],\n",
       "\n",
       "          [[-6.5818e-01, -6.3251e-01,  4.0834e-01,  3.3330e-01],\n",
       "           [-5.8550e-01,  8.9081e-02, -8.0576e-01,  4.7150e-01],\n",
       "           [ 4.7328e-01, -7.6941e-01, -4.2897e-01, -3.5026e-01],\n",
       "           [ 0.0000e+00,  0.0000e+00,  0.0000e+00,  1.0000e+00]]],\n",
       "\n",
       "\n",
       "         [[[-4.4108e-01,  8.5038e-01,  2.8688e-01, -3.0159e-01],\n",
       "           [ 7.5550e-01,  5.2437e-01, -3.9276e-01, -2.0252e-01],\n",
       "           [-4.8443e-01,  4.3495e-02, -8.7375e-01, -2.1339e-01],\n",
       "           [ 0.0000e+00,  0.0000e+00,  0.0000e+00,  1.0000e+00]],\n",
       "\n",
       "          [[-6.4447e-01, -6.2416e-01,  4.4167e-01,  3.3107e-01],\n",
       "           [-6.0790e-01,  6.7881e-02, -7.9110e-01,  4.8338e-01],\n",
       "           [ 4.6379e-01, -7.7834e-01, -4.2318e-01, -3.4902e-01],\n",
       "           [ 0.0000e+00,  0.0000e+00,  0.0000e+00,  1.0000e+00]]],\n",
       "\n",
       "\n",
       "         [[[-4.1317e-01,  8.6410e-01,  2.8742e-01, -3.0348e-01],\n",
       "           [ 7.7360e-01,  4.9957e-01, -3.8985e-01, -1.8925e-01],\n",
       "           [-4.8046e-01,  6.1276e-02, -8.7488e-01, -2.1709e-01],\n",
       "           [ 0.0000e+00,  0.0000e+00,  0.0000e+00,  1.0000e+00]],\n",
       "\n",
       "          [[-6.4015e-01, -6.3109e-01,  4.3809e-01,  3.1665e-01],\n",
       "           [-6.1181e-01,  7.3893e-02, -7.8755e-01,  4.9322e-01],\n",
       "           [ 4.6464e-01, -7.7218e-01, -4.3341e-01, -3.6297e-01],\n",
       "           [ 0.0000e+00,  0.0000e+00,  0.0000e+00,  1.0000e+00]]],\n",
       "\n",
       "\n",
       "         [[[-4.0242e-01,  8.7165e-01,  2.7980e-01, -3.1316e-01],\n",
       "           [ 7.8204e-01,  4.8620e-01, -3.8989e-01, -1.7801e-01],\n",
       "           [-4.7589e-01,  6.1912e-02, -8.7732e-01, -2.1650e-01],\n",
       "           [ 0.0000e+00,  0.0000e+00,  0.0000e+00,  1.0000e+00]],\n",
       "\n",
       "          [[-6.4545e-01, -6.3495e-01,  4.2453e-01,  3.1378e-01],\n",
       "           [-5.9488e-01,  6.9279e-02, -8.0082e-01,  4.9470e-01],\n",
       "           [ 4.7907e-01, -7.6944e-01, -4.2244e-01, -3.7782e-01],\n",
       "           [ 0.0000e+00,  0.0000e+00,  0.0000e+00,  1.0000e+00]]],\n",
       "\n",
       "\n",
       "         [[[-3.8667e-01,  8.8301e-01,  2.6603e-01, -3.3037e-01],\n",
       "           [ 7.9018e-01,  4.6597e-01, -3.9811e-01, -1.7252e-01],\n",
       "           [-4.7549e-01,  5.6277e-02, -8.7792e-01, -2.1451e-01],\n",
       "           [ 0.0000e+00,  0.0000e+00,  0.0000e+00,  1.0000e+00]],\n",
       "\n",
       "          [[-6.6632e-01, -6.1988e-01,  4.1444e-01,  3.1401e-01],\n",
       "           [-5.7311e-01,  7.0165e-02, -8.1647e-01,  4.7464e-01],\n",
       "           [ 4.7704e-01, -7.8155e-01, -4.0201e-01, -3.9163e-01],\n",
       "           [ 0.0000e+00,  0.0000e+00,  0.0000e+00,  1.0000e+00]]],\n",
       "\n",
       "\n",
       "         [[[-3.8728e-01,  8.8887e-01,  2.4478e-01, -3.3182e-01],\n",
       "           [ 7.7904e-01,  4.5749e-01, -4.2871e-01, -1.6114e-01],\n",
       "           [-4.9305e-01,  2.4660e-02, -8.6965e-01, -2.1635e-01],\n",
       "           [ 0.0000e+00,  0.0000e+00,  0.0000e+00,  1.0000e+00]],\n",
       "\n",
       "          [[-6.6776e-01, -6.1267e-01,  4.2277e-01,  3.2088e-01],\n",
       "           [-5.7533e-01,  6.4416e-02, -8.1538e-01,  4.5527e-01],\n",
       "           [ 4.7232e-01, -7.8771e-01, -3.9550e-01, -3.9795e-01],\n",
       "           [ 0.0000e+00,  0.0000e+00,  0.0000e+00,  1.0000e+00]]],\n",
       "\n",
       "\n",
       "         [[[-3.9799e-01,  8.8277e-01,  2.4962e-01, -3.2305e-01],\n",
       "           [ 7.6167e-01,  4.6963e-01, -4.4643e-01, -1.5831e-01],\n",
       "           [-5.1132e-01,  1.2457e-02, -8.5930e-01, -2.1131e-01],\n",
       "           [ 0.0000e+00,  0.0000e+00,  0.0000e+00,  1.0000e+00]],\n",
       "\n",
       "          [[-6.7003e-01, -6.1746e-01,  4.1208e-01,  3.2557e-01],\n",
       "           [-5.7476e-01,  8.0198e-02, -8.1438e-01,  4.5033e-01],\n",
       "           [ 4.6980e-01, -7.8251e-01, -4.0862e-01, -4.0314e-01],\n",
       "           [ 0.0000e+00,  0.0000e+00,  0.0000e+00,  1.0000e+00]]],\n",
       "\n",
       "\n",
       "         [[[-4.0716e-01,  8.7579e-01,  2.5924e-01, -3.1677e-01],\n",
       "           [ 7.4762e-01,  4.8262e-01, -4.5623e-01, -1.5796e-01],\n",
       "           [-5.2468e-01,  8.0475e-03, -8.5126e-01, -2.0317e-01],\n",
       "           [ 0.0000e+00,  0.0000e+00,  0.0000e+00,  1.0000e+00]],\n",
       "\n",
       "          [[-6.7660e-01, -6.2161e-01,  3.9472e-01,  3.2615e-01],\n",
       "           [-5.6585e-01,  9.5906e-02, -8.1891e-01,  4.4866e-01],\n",
       "           [ 4.7119e-01, -7.7743e-01, -4.1663e-01, -4.0952e-01],\n",
       "           [ 0.0000e+00,  0.0000e+00,  0.0000e+00,  1.0000e+00]]],\n",
       "\n",
       "\n",
       "         [[[-4.1376e-01,  8.7225e-01,  2.6076e-01, -3.1294e-01],\n",
       "           [ 7.4098e-01,  4.8906e-01, -4.6019e-01, -1.5821e-01],\n",
       "           [-5.2892e-01,  2.8063e-03, -8.4866e-01, -1.9923e-01],\n",
       "           [ 0.0000e+00,  0.0000e+00,  0.0000e+00,  1.0000e+00]],\n",
       "\n",
       "          [[-6.8187e-01, -6.2006e-01,  3.8804e-01,  3.2981e-01],\n",
       "           [-5.6580e-01,  1.1089e-01, -8.1705e-01,  4.4314e-01],\n",
       "           [ 4.6359e-01, -7.7668e-01, -4.2644e-01, -4.1472e-01],\n",
       "           [ 0.0000e+00,  0.0000e+00,  0.0000e+00,  1.0000e+00]]],\n",
       "\n",
       "\n",
       "         [[[-4.1405e-01,  8.7060e-01,  2.6575e-01, -3.0605e-01],\n",
       "           [ 7.4345e-01,  4.9190e-01, -4.5312e-01, -1.5883e-01],\n",
       "           [-5.2521e-01,  9.9521e-03, -8.5092e-01, -1.9243e-01],\n",
       "           [ 0.0000e+00,  0.0000e+00,  0.0000e+00,  1.0000e+00]],\n",
       "\n",
       "          [[-6.7320e-01, -6.2265e-01,  3.9889e-01,  3.3517e-01],\n",
       "           [-5.8347e-01,  1.1589e-01, -8.0382e-01,  4.4078e-01],\n",
       "           [ 4.5427e-01, -7.7387e-01, -4.4131e-01, -4.1546e-01],\n",
       "           [ 0.0000e+00,  0.0000e+00,  0.0000e+00,  1.0000e+00]]],\n",
       "\n",
       "\n",
       "         [[[-4.0846e-01,  8.7191e-01,  2.7008e-01, -3.0510e-01],\n",
       "           [ 7.4989e-01,  4.8924e-01, -4.4531e-01, -1.5780e-01],\n",
       "           [-5.2041e-01,  2.0642e-02, -8.5367e-01, -1.8723e-01],\n",
       "           [ 0.0000e+00,  0.0000e+00,  0.0000e+00,  1.0000e+00]],\n",
       "\n",
       "          [[-6.6269e-01, -6.2401e-01,  4.1408e-01,  3.3741e-01],\n",
       "           [-5.9994e-01,  1.1141e-01, -7.9225e-01,  4.4030e-01],\n",
       "           [ 4.4824e-01, -7.7344e-01, -4.4820e-01, -4.1570e-01],\n",
       "           [ 0.0000e+00,  0.0000e+00,  0.0000e+00,  1.0000e+00]]],\n",
       "\n",
       "\n",
       "         [[[-4.0574e-01,  8.6858e-01,  2.8452e-01, -3.0365e-01],\n",
       "           [ 7.5477e-01,  4.9397e-01, -4.3165e-01, -1.6112e-01],\n",
       "           [-5.1546e-01,  3.9605e-02, -8.5600e-01, -1.8685e-01],\n",
       "           [ 0.0000e+00,  0.0000e+00,  0.0000e+00,  1.0000e+00]],\n",
       "\n",
       "          [[-6.6254e-01, -6.1766e-01,  4.2371e-01,  3.4212e-01],\n",
       "           [-6.0657e-01,  1.1056e-01, -7.8730e-01,  4.3923e-01],\n",
       "           [ 4.3944e-01, -7.7863e-01, -4.4791e-01, -4.1452e-01],\n",
       "           [ 0.0000e+00,  0.0000e+00,  0.0000e+00,  1.0000e+00]]],\n",
       "\n",
       "\n",
       "         [[[-4.0276e-01,  8.6708e-01,  2.9320e-01, -3.0913e-01],\n",
       "           [ 7.6694e-01,  4.9453e-01, -4.0895e-01, -1.6507e-01],\n",
       "           [-4.9958e-01,  6.0159e-02, -8.6417e-01, -1.9616e-01],\n",
       "           [ 0.0000e+00,  0.0000e+00,  0.0000e+00,  1.0000e+00]],\n",
       "\n",
       "          [[-6.4978e-01, -6.2276e-01,  4.3583e-01,  3.4223e-01],\n",
       "           [-6.1499e-01,  9.3746e-02, -7.8294e-01,  4.4219e-01],\n",
       "           [ 4.4673e-01, -7.7677e-01, -4.4391e-01, -4.0731e-01],\n",
       "           [ 0.0000e+00,  0.0000e+00,  0.0000e+00,  1.0000e+00]]],\n",
       "\n",
       "\n",
       "         [[[-3.8745e-01,  8.6513e-01,  3.1848e-01, -3.1703e-01],\n",
       "           [ 7.7302e-01,  4.9312e-01, -3.9909e-01, -1.6672e-01],\n",
       "           [-5.0231e-01,  9.1567e-02, -8.5982e-01, -2.0314e-01],\n",
       "           [ 0.0000e+00,  0.0000e+00,  0.0000e+00,  1.0000e+00]],\n",
       "\n",
       "          [[-6.3703e-01, -6.3023e-01,  4.4386e-01,  3.4149e-01],\n",
       "           [-6.2287e-01,  8.1623e-02, -7.7806e-01,  4.3858e-01],\n",
       "           [ 4.5412e-01, -7.7211e-01, -4.4455e-01, -3.9131e-01],\n",
       "           [ 0.0000e+00,  0.0000e+00,  0.0000e+00,  1.0000e+00]]],\n",
       "\n",
       "\n",
       "         [[[-3.9145e-01,  8.6090e-01,  3.2499e-01, -3.1402e-01],\n",
       "           [ 7.6495e-01,  5.0075e-01, -4.0510e-01, -1.6752e-01],\n",
       "           [-5.1149e-01,  9.0024e-02, -8.5456e-01, -2.0860e-01],\n",
       "           [ 0.0000e+00,  0.0000e+00,  0.0000e+00,  1.0000e+00]],\n",
       "\n",
       "          [[-6.4431e-01, -6.3529e-01,  4.2576e-01,  3.4151e-01],\n",
       "           [-6.1170e-01,  9.3955e-02, -7.8549e-01,  4.3889e-01],\n",
       "           [ 4.5901e-01, -7.6654e-01, -4.4914e-01, -3.7964e-01],\n",
       "           [ 0.0000e+00,  0.0000e+00,  0.0000e+00,  1.0000e+00]]],\n",
       "\n",
       "\n",
       "         [[[-3.9140e-01,  8.6372e-01,  3.1749e-01, -3.1295e-01],\n",
       "           [ 7.6157e-01,  4.9770e-01, -4.1511e-01, -1.7190e-01],\n",
       "           [-5.1655e-01,  7.9313e-02, -8.5258e-01, -2.0802e-01],\n",
       "           [ 0.0000e+00,  0.0000e+00,  0.0000e+00,  1.0000e+00]],\n",
       "\n",
       "          [[-6.5371e-01, -6.4069e-01,  4.0272e-01,  3.3956e-01],\n",
       "           [-5.9507e-01,  1.0644e-01, -7.9659e-01,  4.3895e-01],\n",
       "           [ 4.6750e-01, -7.6039e-01, -4.5084e-01, -3.7545e-01],\n",
       "           [ 0.0000e+00,  0.0000e+00,  0.0000e+00,  1.0000e+00]]],\n",
       "\n",
       "\n",
       "         [[[-3.8514e-01,  8.6798e-01,  3.1348e-01, -3.1355e-01],\n",
       "           [ 7.6581e-01,  4.9015e-01, -4.1627e-01, -1.7437e-01],\n",
       "           [-5.1497e-01,  7.9748e-02, -8.5349e-01, -2.0631e-01],\n",
       "           [ 0.0000e+00,  0.0000e+00,  0.0000e+00,  1.0000e+00]],\n",
       "\n",
       "          [[-6.5203e-01, -6.4323e-01,  4.0138e-01,  3.3708e-01],\n",
       "           [-5.9252e-01,  1.0200e-01, -7.9907e-01,  4.4266e-01],\n",
       "           [ 4.7305e-01, -7.5885e-01, -4.4763e-01, -3.7281e-01],\n",
       "           [ 0.0000e+00,  0.0000e+00,  0.0000e+00,  1.0000e+00]]],\n",
       "\n",
       "\n",
       "         [[[-3.7369e-01,  8.7360e-01,  3.1172e-01, -3.1179e-01],\n",
       "           [ 7.7558e-01,  4.7862e-01, -4.1158e-01, -1.7631e-01],\n",
       "           [-5.0875e-01,  8.7966e-02, -8.5641e-01, -2.0290e-01],\n",
       "           [ 0.0000e+00,  0.0000e+00,  0.0000e+00,  1.0000e+00]],\n",
       "\n",
       "          [[-6.5117e-01, -6.4271e-01,  4.0362e-01,  3.3404e-01],\n",
       "           [-5.8751e-01,  9.0232e-02, -8.0417e-01,  4.4453e-01],\n",
       "           [ 4.8042e-01, -7.6078e-01, -4.3635e-01, -3.7050e-01],\n",
       "           [ 0.0000e+00,  0.0000e+00,  0.0000e+00,  1.0000e+00]]],\n",
       "\n",
       "\n",
       "         [[[-3.5104e-01,  8.8112e-01,  3.1685e-01, -3.0980e-01],\n",
       "           [ 7.9012e-01,  4.6033e-01, -4.0474e-01, -1.7720e-01],\n",
       "           [-5.0248e-01,  1.0827e-01, -8.5778e-01, -1.9975e-01],\n",
       "           [ 0.0000e+00,  0.0000e+00,  0.0000e+00,  1.0000e+00]],\n",
       "\n",
       "          [[-6.5480e-01, -6.3268e-01,  4.1346e-01,  3.3006e-01],\n",
       "           [-5.8730e-01,  8.1605e-02, -8.0524e-01,  4.4867e-01],\n",
       "           [ 4.7572e-01, -7.7010e-01, -4.2501e-01, -3.6985e-01],\n",
       "           [ 0.0000e+00,  0.0000e+00,  0.0000e+00,  1.0000e+00]]],\n",
       "\n",
       "\n",
       "         [[[-3.1895e-01,  8.9191e-01,  3.2057e-01, -3.0477e-01],\n",
       "           [ 8.1061e-01,  4.3198e-01, -3.9536e-01, -1.7913e-01],\n",
       "           [-4.9111e-01,  1.3376e-01, -8.6077e-01, -1.9631e-01],\n",
       "           [ 0.0000e+00,  0.0000e+00,  0.0000e+00,  1.0000e+00]],\n",
       "\n",
       "          [[-6.5575e-01, -6.2793e-01,  4.1916e-01,  3.2485e-01],\n",
       "           [-5.8812e-01,  7.6725e-02, -8.0513e-01,  4.5231e-01],\n",
       "           [ 4.7341e-01, -7.7448e-01, -4.1961e-01, -3.7386e-01],\n",
       "           [ 0.0000e+00,  0.0000e+00,  0.0000e+00,  1.0000e+00]]],\n",
       "\n",
       "\n",
       "         [[[-3.1056e-01,  8.9502e-01,  3.2014e-01, -3.0072e-01],\n",
       "           [ 8.2039e-01,  4.2249e-01, -3.8531e-01, -1.8078e-01],\n",
       "           [-4.8011e-01,  1.4298e-01, -8.6547e-01, -1.9737e-01],\n",
       "           [ 0.0000e+00,  0.0000e+00,  0.0000e+00,  1.0000e+00]],\n",
       "\n",
       "          [[-6.6159e-01, -6.1702e-01,  4.2613e-01,  3.1959e-01],\n",
       "           [-5.8788e-01,  7.3997e-02, -8.0556e-01,  4.5772e-01],\n",
       "           [ 4.6551e-01, -7.8346e-01, -4.1169e-01, -3.7435e-01],\n",
       "           [ 0.0000e+00,  0.0000e+00,  0.0000e+00,  1.0000e+00]]],\n",
       "\n",
       "\n",
       "         [[[-3.0670e-01,  8.9582e-01,  3.2163e-01, -3.0166e-01],\n",
       "           [ 8.2251e-01,  4.1949e-01, -3.8406e-01, -1.8390e-01],\n",
       "           [-4.7897e-01,  1.4675e-01, -8.6548e-01, -2.0080e-01],\n",
       "           [ 0.0000e+00,  0.0000e+00,  0.0000e+00,  1.0000e+00]],\n",
       "\n",
       "          [[-6.6692e-01, -6.1254e-01,  4.2428e-01,  3.1802e-01],\n",
       "           [-5.8328e-01,  7.4828e-02, -8.0882e-01,  4.6553e-01],\n",
       "           [ 4.6369e-01, -7.8689e-01, -4.0719e-01, -3.7335e-01],\n",
       "           [ 0.0000e+00,  0.0000e+00,  0.0000e+00,  1.0000e+00]]],\n",
       "\n",
       "\n",
       "         [[[-3.1078e-01,  8.9224e-01,  3.2759e-01, -3.0161e-01],\n",
       "           [ 8.2230e-01,  4.2525e-01, -3.7814e-01, -1.8710e-01],\n",
       "           [-4.7670e-01,  1.5186e-01, -8.6585e-01, -2.0852e-01],\n",
       "           [ 0.0000e+00,  0.0000e+00,  0.0000e+00,  1.0000e+00]],\n",
       "\n",
       "          [[-6.5848e-01, -6.2561e-01,  4.1834e-01,  3.1240e-01],\n",
       "           [-5.8600e-01,  7.7421e-02, -8.0660e-01,  4.7298e-01],\n",
       "           [ 4.7223e-01, -7.7629e-01, -4.1759e-01, -3.7501e-01],\n",
       "           [ 0.0000e+00,  0.0000e+00,  0.0000e+00,  1.0000e+00]]],\n",
       "\n",
       "\n",
       "         [[[-3.1670e-01,  8.9052e-01,  3.2662e-01, -3.0549e-01],\n",
       "           [ 8.1939e-01,  4.3031e-01, -3.7872e-01, -1.8394e-01],\n",
       "           [-4.7781e-01,  1.4769e-01, -8.6596e-01, -2.0979e-01],\n",
       "           [ 0.0000e+00,  0.0000e+00,  0.0000e+00,  1.0000e+00]],\n",
       "\n",
       "          [[-6.6438e-01, -6.2480e-01,  4.1015e-01,  3.1288e-01],\n",
       "           [-5.7276e-01,  7.3069e-02, -8.1646e-01,  4.7327e-01],\n",
       "           [ 4.8016e-01, -7.7736e-01, -4.0641e-01, -3.7745e-01],\n",
       "           [ 0.0000e+00,  0.0000e+00,  0.0000e+00,  1.0000e+00]]],\n",
       "\n",
       "\n",
       "         [[[-3.1822e-01,  8.9205e-01,  3.2090e-01, -3.1578e-01],\n",
       "           [ 8.1710e-01,  4.2972e-01, -3.8429e-01, -1.8118e-01],\n",
       "           [-4.8071e-01,  1.3992e-01, -8.6565e-01, -2.0335e-01],\n",
       "           [ 0.0000e+00,  0.0000e+00,  0.0000e+00,  1.0000e+00]],\n",
       "\n",
       "          [[-6.6590e-01, -6.2574e-01,  4.0623e-01,  3.1744e-01],\n",
       "           [-5.6971e-01,  7.4945e-02, -8.1842e-01,  4.7259e-01],\n",
       "           [ 4.8168e-01, -7.7642e-01, -4.0640e-01, -3.8502e-01],\n",
       "           [ 0.0000e+00,  0.0000e+00,  0.0000e+00,  1.0000e+00]]],\n",
       "\n",
       "\n",
       "         [[[-3.0339e-01,  8.9760e-01,  3.1978e-01, -3.2699e-01],\n",
       "           [ 8.1770e-01,  4.1755e-01, -3.9624e-01, -1.7406e-01],\n",
       "           [-4.8920e-01,  1.4127e-01, -8.6066e-01, -1.9720e-01],\n",
       "           [ 0.0000e+00,  0.0000e+00,  0.0000e+00,  1.0000e+00]],\n",
       "\n",
       "          [[-6.5087e-01, -6.3439e-01,  4.1703e-01,  3.1793e-01],\n",
       "           [-5.8562e-01,  6.9956e-02, -8.0756e-01,  4.6741e-01],\n",
       "           [ 4.8314e-01, -7.6984e-01, -4.1704e-01, -3.9062e-01],\n",
       "           [ 0.0000e+00,  0.0000e+00,  0.0000e+00,  1.0000e+00]]],\n",
       "\n",
       "\n",
       "         [[[-2.9710e-01,  8.9622e-01,  3.2944e-01, -3.3919e-01],\n",
       "           [ 8.1570e-01,  4.1757e-01, -4.0034e-01, -1.7192e-01],\n",
       "           [-4.9635e-01,  1.4978e-01, -8.5510e-01, -1.8776e-01],\n",
       "           [ 0.0000e+00,  0.0000e+00,  0.0000e+00,  1.0000e+00]],\n",
       "\n",
       "          [[-6.4788e-01, -6.1900e-01,  4.4395e-01,  3.2395e-01],\n",
       "           [-5.9113e-01,  4.0978e-02, -8.0554e-01,  4.6817e-01],\n",
       "           [ 4.8044e-01, -7.8432e-01, -3.9246e-01, -3.8997e-01],\n",
       "           [ 0.0000e+00,  0.0000e+00,  0.0000e+00,  1.0000e+00]]],\n",
       "\n",
       "\n",
       "         [[[-2.9537e-01,  8.9531e-01,  3.3344e-01, -3.3863e-01],\n",
       "           [ 8.2078e-01,  4.1642e-01, -3.9104e-01, -1.6766e-01],\n",
       "           [-4.8895e-01,  1.5818e-01, -8.5785e-01, -1.7168e-01],\n",
       "           [ 0.0000e+00,  0.0000e+00,  0.0000e+00,  1.0000e+00]],\n",
       "\n",
       "          [[-6.4388e-01, -6.0167e-01,  4.7266e-01,  3.2757e-01],\n",
       "           [-6.0503e-01,  2.2247e-02, -7.9589e-01,  4.7047e-01],\n",
       "           [ 4.6835e-01, -7.9843e-01, -3.7836e-01, -3.8999e-01],\n",
       "           [ 0.0000e+00,  0.0000e+00,  0.0000e+00,  1.0000e+00]]],\n",
       "\n",
       "\n",
       "         [[[-3.0247e-01,  8.9158e-01,  3.3703e-01, -3.3892e-01],\n",
       "           [ 8.2089e-01,  4.2337e-01, -3.8326e-01, -1.6392e-01],\n",
       "           [-4.8440e-01,  1.6074e-01, -8.5995e-01, -1.4884e-01],\n",
       "           [ 0.0000e+00,  0.0000e+00,  0.0000e+00,  1.0000e+00]],\n",
       "\n",
       "          [[-6.2466e-01, -5.9419e-01,  5.0670e-01,  3.3009e-01],\n",
       "           [-6.2985e-01, -1.9775e-04, -7.7672e-01,  4.6918e-01],\n",
       "           [ 4.6162e-01, -8.0432e-01, -3.7413e-01, -3.9136e-01],\n",
       "           [ 0.0000e+00,  0.0000e+00,  0.0000e+00,  1.0000e+00]]],\n",
       "\n",
       "\n",
       "         [[[-3.1930e-01,  8.7821e-01,  3.5609e-01, -3.2936e-01],\n",
       "           [ 8.1277e-01,  4.4700e-01, -3.7362e-01, -1.6297e-01],\n",
       "           [-4.8729e-01,  1.7012e-01, -8.5651e-01, -1.3299e-01],\n",
       "           [ 0.0000e+00,  0.0000e+00,  0.0000e+00,  1.0000e+00]],\n",
       "\n",
       "          [[-6.1132e-01, -5.9260e-01,  5.2451e-01,  3.3077e-01],\n",
       "           [-6.5202e-01,  1.5278e-03, -7.5820e-01,  4.7175e-01],\n",
       "           [ 4.4851e-01, -8.0550e-01, -3.8732e-01, -3.8041e-01],\n",
       "           [ 0.0000e+00,  0.0000e+00,  0.0000e+00,  1.0000e+00]]]]]), ee_gripper_vals=tensor([[[[0.4113],\n",
       "          [0.5960]],\n",
       "\n",
       "         [[0.4102],\n",
       "          [0.5957]],\n",
       "\n",
       "         [[0.4091],\n",
       "          [0.5990]],\n",
       "\n",
       "         [[0.4128],\n",
       "          [0.6012]],\n",
       "\n",
       "         [[0.4176],\n",
       "          [0.5992]],\n",
       "\n",
       "         [[0.4184],\n",
       "          [0.6002]],\n",
       "\n",
       "         [[0.4159],\n",
       "          [0.6010]],\n",
       "\n",
       "         [[0.4153],\n",
       "          [0.6003]],\n",
       "\n",
       "         [[0.4159],\n",
       "          [0.5999]],\n",
       "\n",
       "         [[0.4179],\n",
       "          [0.5999]],\n",
       "\n",
       "         [[0.4179],\n",
       "          [0.5993]],\n",
       "\n",
       "         [[0.4166],\n",
       "          [0.5992]],\n",
       "\n",
       "         [[0.4137],\n",
       "          [0.5991]],\n",
       "\n",
       "         [[0.4117],\n",
       "          [0.5983]],\n",
       "\n",
       "         [[0.4122],\n",
       "          [0.5979]],\n",
       "\n",
       "         [[0.4140],\n",
       "          [0.5985]],\n",
       "\n",
       "         [[0.4148],\n",
       "          [0.5984]],\n",
       "\n",
       "         [[0.4143],\n",
       "          [0.5990]],\n",
       "\n",
       "         [[0.4131],\n",
       "          [0.5994]],\n",
       "\n",
       "         [[0.4118],\n",
       "          [0.5981]],\n",
       "\n",
       "         [[0.4110],\n",
       "          [0.5970]],\n",
       "\n",
       "         [[0.4105],\n",
       "          [0.5967]],\n",
       "\n",
       "         [[0.4117],\n",
       "          [0.5979]],\n",
       "\n",
       "         [[0.4125],\n",
       "          [0.5988]],\n",
       "\n",
       "         [[0.4148],\n",
       "          [0.5995]],\n",
       "\n",
       "         [[0.4168],\n",
       "          [0.5980]],\n",
       "\n",
       "         [[0.4171],\n",
       "          [0.5947]],\n",
       "\n",
       "         [[0.4183],\n",
       "          [0.5936]],\n",
       "\n",
       "         [[0.4189],\n",
       "          [0.5925]],\n",
       "\n",
       "         [[0.4202],\n",
       "          [0.5900]]]]))"
      ]
     },
     "execution_count": 8,
     "metadata": {},
     "output_type": "execute_result"
    }
   ],
   "source": [
    "xvla_agent_restored.compute_actions(XVLAObservation.sample())"
   ]
  }
 ],
 "metadata": {
  "kernelspec": {
   "display_name": ".conda",
   "language": "python",
   "name": "python3"
  },
  "language_info": {
   "codemirror_mode": {
    "name": "ipython",
    "version": 3
   },
   "file_extension": ".py",
   "mimetype": "text/x-python",
   "name": "python",
   "nbconvert_exporter": "python",
   "pygments_lexer": "ipython3",
   "version": "3.11.14"
  }
 },
 "nbformat": 4,
 "nbformat_minor": 5
}
