{
 "cells": [
  {
   "cell_type": "code",
   "execution_count": null,
   "id": "344ac533",
   "metadata": {},
   "outputs": [
    {
     "name": "stderr",
     "output_type": "stream",
     "text": [
      "Florence2ForConditionalGeneration has generative capabilities, as `prepare_inputs_for_generation` is explicitly overwritten. However, it doesn't directly inherit from `GenerationMixin`. From 👉v4.50👈 onwards, `PreTrainedModel` will NOT inherit from `GenerationMixin`, and this model will lose the ability to call `generate` and other related functions.\n",
      "  - If you're using `trust_remote_code=True`, you can get rid of this warning by loading the model with an auto class. See https://huggingface.co/docs/transformers/en/model_doc/auto#auto-classes\n",
      "  - If you are the owner of the model architecture code, please modify your model class such that it inherits from `GenerationMixin` (after `PreTrainedModel`, otherwise you'll get an exception).\n",
      "  - If you are not the owner of the model architecture class, please contact the model code owner to update it.\n"
     ]
    }
   ],
   "source": [
    "from xvla_wlr.model_legacy import XVLA, XVLAProcessor\n",
    "\n",
    "model = XVLA.from_pretrained(\"2toINF/X-VLA-SoftFold\")\n",
    "processor = XVLAProcessor.from_pretrained(\"2toINF/X-VLA-SoftFold\", use_fast=True)"
   ]
  },
  {
   "cell_type": "code",
   "execution_count": null,
   "id": "7ab3083d",
   "metadata": {},
   "outputs": [],
   "source": [
    "import torch\n",
    "# TODO add option for bfloat16 in pipeline\n",
    "# model = model.to(device=\"cuda\", dtype=torch.bfloat16)\n",
    "model = model.to(device=\"cuda\")"
   ]
  },
  {
   "cell_type": "code",
   "execution_count": null,
   "id": "b1006528",
   "metadata": {},
   "outputs": [],
   "source": [
    "import torch\n",
    "from xvla_wlr.model_legacy import compute_actions\n",
    "\n",
    "compute_actions_ = torch.compile(\n",
    "    compute_actions,\n",
    "    mode=\"max-autotune\",\n",
    "    disable=True,\n",
    ")"
   ]
  },
  {
   "cell_type": "code",
   "execution_count": null,
   "id": "85c68209",
   "metadata": {},
   "outputs": [
    {
     "data": {
      "text/plain": [
       "Action(ee_transforms=tensor([[[[[-0.4553,  0.8506,  0.2631, -0.3356],\n",
       "           [ 0.7267,  0.5258, -0.4421, -0.2337],\n",
       "           [-0.5144, -0.0101, -0.8575, -0.2357],\n",
       "           [ 0.0000,  0.0000,  0.0000,  1.0000]],\n",
       "\n",
       "          [[-0.6821, -0.6375,  0.3583,  0.3031],\n",
       "           [-0.5341,  0.0995, -0.8396,  0.4387],\n",
       "           [ 0.4996, -0.7640, -0.4083, -0.3980],\n",
       "           [ 0.0000,  0.0000,  0.0000,  1.0000]]],\n",
       "\n",
       "\n",
       "         [[[-0.4549,  0.8529,  0.2563, -0.3323],\n",
       "           [ 0.7272,  0.5219, -0.4459, -0.2327],\n",
       "           [-0.5140, -0.0165, -0.8576, -0.2408],\n",
       "           [ 0.0000,  0.0000,  0.0000,  1.0000]],\n",
       "\n",
       "          [[-0.6677, -0.6368,  0.3855,  0.3013],\n",
       "           [-0.5535,  0.0786, -0.8291,  0.4508],\n",
       "           [ 0.4977, -0.7670, -0.4050, -0.3974],\n",
       "           [ 0.0000,  0.0000,  0.0000,  1.0000]]],\n",
       "\n",
       "\n",
       "         [[[-0.4359,  0.8637,  0.2531, -0.3278],\n",
       "           [ 0.7444,  0.5041, -0.4379, -0.2207],\n",
       "           [-0.5058, -0.0025, -0.8626, -0.2403],\n",
       "           [ 0.0000,  0.0000,  0.0000,  1.0000]],\n",
       "\n",
       "          [[-0.6693, -0.6409,  0.3758,  0.2894],\n",
       "           [-0.5512,  0.0892, -0.8296,  0.4593],\n",
       "           [ 0.4982, -0.7624, -0.4130, -0.4122],\n",
       "           [ 0.0000,  0.0000,  0.0000,  1.0000]]],\n",
       "\n",
       "\n",
       "         [[[-0.4373,  0.8660,  0.2424, -0.3321],\n",
       "           [ 0.7525,  0.5000, -0.4286, -0.2123],\n",
       "           [-0.4924, -0.0050, -0.8704, -0.2433],\n",
       "           [ 0.0000,  0.0000,  0.0000,  1.0000]],\n",
       "\n",
       "          [[-0.6841, -0.6391,  0.3516,  0.2818],\n",
       "           [-0.5276,  0.1008, -0.8435,  0.4610],\n",
       "           [ 0.5036, -0.7625, -0.4061, -0.4265],\n",
       "           [ 0.0000,  0.0000,  0.0000,  1.0000]]],\n",
       "\n",
       "\n",
       "         [[[-0.4250,  0.8752,  0.2309, -0.3547],\n",
       "           [ 0.7580,  0.4836, -0.4377, -0.1991],\n",
       "           [-0.4947, -0.0110, -0.8690, -0.2448],\n",
       "           [ 0.0000,  0.0000,  0.0000,  1.0000]],\n",
       "\n",
       "          [[-0.6954, -0.6293,  0.3471,  0.2866],\n",
       "           [-0.5146,  0.0989, -0.8517,  0.4428],\n",
       "           [ 0.5016, -0.7708, -0.3926, -0.4371],\n",
       "           [ 0.0000,  0.0000,  0.0000,  1.0000]]],\n",
       "\n",
       "\n",
       "         [[[-0.4335,  0.8715,  0.2293, -0.3629],\n",
       "           [ 0.7395,  0.4895, -0.4622, -0.1869],\n",
       "           [-0.5150, -0.0308, -0.8566, -0.2422],\n",
       "           [ 0.0000,  0.0000,  0.0000,  1.0000]],\n",
       "\n",
       "          [[-0.7083, -0.6101,  0.3550,  0.2967],\n",
       "           [-0.5062,  0.0884, -0.8579,  0.4254],\n",
       "           [ 0.4920, -0.7874, -0.3714, -0.4363],\n",
       "           [ 0.0000,  0.0000,  0.0000,  1.0000]]],\n",
       "\n",
       "\n",
       "         [[[-0.4441,  0.8645,  0.2354, -0.3591],\n",
       "           [ 0.7165,  0.5004, -0.4860, -0.1836],\n",
       "           [-0.5379, -0.0471, -0.8417, -0.2398],\n",
       "           [ 0.0000,  0.0000,  0.0000,  1.0000]],\n",
       "\n",
       "          [[-0.7130, -0.6166,  0.3339,  0.3004],\n",
       "           [-0.4974,  0.1090, -0.8607,  0.4199],\n",
       "           [ 0.4943, -0.7797, -0.3844, -0.4390],\n",
       "           [ 0.0000,  0.0000,  0.0000,  1.0000]]],\n",
       "\n",
       "\n",
       "         [[[-0.4532,  0.8572,  0.2446, -0.3554],\n",
       "           [ 0.6983,  0.5119, -0.5003, -0.1845],\n",
       "           [-0.5541, -0.0560, -0.8306, -0.2387],\n",
       "           [ 0.0000,  0.0000,  0.0000,  1.0000]],\n",
       "\n",
       "          [[-0.7173, -0.6233,  0.3115,  0.3005],\n",
       "           [-0.4860,  0.1272, -0.8646,  0.4192],\n",
       "           [ 0.4993, -0.7716, -0.3942, -0.4403],\n",
       "           [ 0.0000,  0.0000,  0.0000,  1.0000]]],\n",
       "\n",
       "\n",
       "         [[[-0.4611,  0.8523,  0.2469, -0.3521],\n",
       "           [ 0.6895,  0.5193, -0.5049, -0.1863],\n",
       "           [-0.5585, -0.0626, -0.8271, -0.2376],\n",
       "           [ 0.0000,  0.0000,  0.0000,  1.0000]],\n",
       "\n",
       "          [[-0.7225, -0.6233,  0.2992,  0.3036],\n",
       "           [-0.4818,  0.1435, -0.8645,  0.4145],\n",
       "           [ 0.4959, -0.7687, -0.4040, -0.4416],\n",
       "           [ 0.0000,  0.0000,  0.0000,  1.0000]]],\n",
       "\n",
       "\n",
       "         [[[-0.4637,  0.8475,  0.2581, -0.3482],\n",
       "           [ 0.6899,  0.5282, -0.4951, -0.1893],\n",
       "           [-0.5559, -0.0515, -0.8296, -0.2351],\n",
       "           [ 0.0000,  0.0000,  0.0000,  1.0000]],\n",
       "\n",
       "          [[-0.7159, -0.6272,  0.3067,  0.3094],\n",
       "           [-0.4958,  0.1475, -0.8558,  0.4127],\n",
       "           [ 0.4915, -0.7648, -0.4166, -0.4399],\n",
       "           [ 0.0000,  0.0000,  0.0000,  1.0000]]],\n",
       "\n",
       "\n",
       "         [[[-0.4616,  0.8465,  0.2655, -0.3482],\n",
       "           [ 0.6943,  0.5310, -0.4858, -0.1905],\n",
       "           [-0.5522, -0.0399, -0.8328, -0.2325],\n",
       "           [ 0.0000,  0.0000,  0.0000,  1.0000]],\n",
       "\n",
       "          [[-0.7036, -0.6341,  0.3205,  0.3118],\n",
       "           [-0.5119,  0.1396, -0.8476,  0.4132],\n",
       "           [ 0.4928, -0.7605, -0.4228, -0.4352],\n",
       "           [ 0.0000,  0.0000,  0.0000,  1.0000]]],\n",
       "\n",
       "\n",
       "         [[[-0.4609,  0.8438,  0.2750, -0.3461],\n",
       "           [ 0.6988,  0.5361, -0.4736, -0.1919],\n",
       "           [-0.5471, -0.0261, -0.8367, -0.2324],\n",
       "           [ 0.0000,  0.0000,  0.0000,  1.0000]],\n",
       "\n",
       "          [[-0.6985, -0.6352,  0.3297,  0.3142],\n",
       "           [-0.5215,  0.1362, -0.8423,  0.4121],\n",
       "           [ 0.4901, -0.7603, -0.4264, -0.4325],\n",
       "           [ 0.0000,  0.0000,  0.0000,  1.0000]]],\n",
       "\n",
       "\n",
       "         [[[-0.4580,  0.8440,  0.2791, -0.3485],\n",
       "           [ 0.7129,  0.5363, -0.4519, -0.1908],\n",
       "           [-0.5311, -0.0080, -0.8473, -0.2378],\n",
       "           [ 0.0000,  0.0000,  0.0000,  1.0000]],\n",
       "\n",
       "          [[-0.6885, -0.6430,  0.3354,  0.3117],\n",
       "           [-0.5328,  0.1348, -0.8354,  0.4180],\n",
       "           [ 0.4920, -0.7539, -0.4355, -0.4245],\n",
       "           [ 0.0000,  0.0000,  0.0000,  1.0000]]],\n",
       "\n",
       "\n",
       "         [[[-0.4524,  0.8445,  0.2866, -0.3507],\n",
       "           [ 0.7198,  0.5355, -0.4417, -0.1922],\n",
       "           [-0.5265,  0.0065, -0.8501, -0.2388],\n",
       "           [ 0.0000,  0.0000,  0.0000,  1.0000]],\n",
       "\n",
       "          [[-0.6777, -0.6462,  0.3509,  0.3085],\n",
       "           [-0.5477,  0.1253, -0.8272,  0.4139],\n",
       "           [ 0.4906, -0.7528, -0.4389, -0.4149],\n",
       "           [ 0.0000,  0.0000,  0.0000,  1.0000]]],\n",
       "\n",
       "\n",
       "         [[[-0.4510,  0.8454,  0.2862, -0.3482],\n",
       "           [ 0.7157,  0.5341, -0.4500, -0.1967],\n",
       "           [-0.5333,  0.0019, -0.8459, -0.2398],\n",
       "           [ 0.0000,  0.0000,  0.0000,  1.0000]],\n",
       "\n",
       "          [[-0.6875, -0.6470,  0.3297,  0.3113],\n",
       "           [-0.5323,  0.1402, -0.8349,  0.4120],\n",
       "           [ 0.4939, -0.7495, -0.4408, -0.4120],\n",
       "           [ 0.0000,  0.0000,  0.0000,  1.0000]]],\n",
       "\n",
       "\n",
       "         [[[-0.4445,  0.8477,  0.2895, -0.3460],\n",
       "           [ 0.7197,  0.5304, -0.4480, -0.2026],\n",
       "           [-0.5334,  0.0092, -0.8458, -0.2386],\n",
       "           [ 0.0000,  0.0000,  0.0000,  1.0000]],\n",
       "\n",
       "          [[-0.6912, -0.6491,  0.3177,  0.3102],\n",
       "           [-0.5208,  0.1426, -0.8417,  0.4130],\n",
       "           [ 0.5010, -0.7472, -0.4366, -0.4101],\n",
       "           [ 0.0000,  0.0000,  0.0000,  1.0000]]],\n",
       "\n",
       "\n",
       "         [[[-0.4384,  0.8502,  0.2913, -0.3457],\n",
       "           [ 0.7247,  0.5261, -0.4450, -0.2063],\n",
       "           [-0.5316,  0.0160, -0.8468, -0.2370],\n",
       "           [ 0.0000,  0.0000,  0.0000,  1.0000]],\n",
       "\n",
       "          [[-0.6847, -0.6524,  0.3249,  0.3080],\n",
       "           [-0.5224,  0.1285, -0.8430,  0.4152],\n",
       "           [ 0.5082, -0.7469, -0.4288, -0.4096],\n",
       "           [ 0.0000,  0.0000,  0.0000,  1.0000]]],\n",
       "\n",
       "\n",
       "         [[[-0.4368,  0.8512,  0.2911, -0.3436],\n",
       "           [ 0.7288,  0.5245, -0.4400, -0.2091],\n",
       "           [-0.5272,  0.0199, -0.8495, -0.2353],\n",
       "           [ 0.0000,  0.0000,  0.0000,  1.0000]],\n",
       "\n",
       "          [[-0.6822, -0.6524,  0.3300,  0.3045],\n",
       "           [-0.5167,  0.1109, -0.8489,  0.4163],\n",
       "           [ 0.5173, -0.7497, -0.4128, -0.4100],\n",
       "           [ 0.0000,  0.0000,  0.0000,  1.0000]]],\n",
       "\n",
       "\n",
       "         [[[-0.4261,  0.8551,  0.2953, -0.3404],\n",
       "           [ 0.7391,  0.5173, -0.4315, -0.2107],\n",
       "           [-0.5217,  0.0344, -0.8524, -0.2346],\n",
       "           [ 0.0000,  0.0000,  0.0000,  1.0000]],\n",
       "\n",
       "          [[-0.6866, -0.6472,  0.3311,  0.3000],\n",
       "           [-0.5120,  0.1072, -0.8523,  0.4170],\n",
       "           [ 0.5161, -0.7547, -0.4050, -0.4106],\n",
       "           [ 0.0000,  0.0000,  0.0000,  1.0000]]],\n",
       "\n",
       "\n",
       "         [[[-0.4061,  0.8625,  0.3021, -0.3320],\n",
       "           [ 0.7562,  0.5027, -0.4188, -0.2136],\n",
       "           [-0.5131,  0.0584, -0.8564, -0.2350],\n",
       "           [ 0.0000,  0.0000,  0.0000,  1.0000]],\n",
       "\n",
       "          [[-0.6856, -0.6511,  0.3257,  0.2945],\n",
       "           [-0.5097,  0.1099, -0.8533,  0.4215],\n",
       "           [ 0.5198, -0.7510, -0.4072, -0.4163],\n",
       "           [ 0.0000,  0.0000,  0.0000,  1.0000]]],\n",
       "\n",
       "\n",
       "         [[[-0.3951,  0.8665,  0.3051, -0.3286],\n",
       "           [ 0.7693,  0.4936, -0.4057, -0.2169],\n",
       "           [-0.5021,  0.0744, -0.8616, -0.2364],\n",
       "           [ 0.0000,  0.0000,  0.0000,  1.0000]],\n",
       "\n",
       "          [[-0.6898, -0.6420,  0.3345,  0.2894],\n",
       "           [-0.5123,  0.1064, -0.8522,  0.4280],\n",
       "           [ 0.5116, -0.7593, -0.4023, -0.4155],\n",
       "           [ 0.0000,  0.0000,  0.0000,  1.0000]]],\n",
       "\n",
       "\n",
       "         [[[-0.3848,  0.8688,  0.3118, -0.3312],\n",
       "           [ 0.7759,  0.4874, -0.4006, -0.2226],\n",
       "           [-0.5000,  0.0878, -0.8616, -0.2373],\n",
       "           [ 0.0000,  0.0000,  0.0000,  1.0000]],\n",
       "\n",
       "          [[-0.6946, -0.6357,  0.3367,  0.2878],\n",
       "           [-0.5117,  0.1076, -0.8524,  0.4338],\n",
       "           [ 0.5057, -0.7644, -0.4000, -0.4163],\n",
       "           [ 0.0000,  0.0000,  0.0000,  1.0000]]],\n",
       "\n",
       "\n",
       "         [[[-0.3822,  0.8677,  0.3177, -0.3315],\n",
       "           [ 0.7793,  0.4875, -0.3938, -0.2285],\n",
       "           [-0.4966,  0.0971, -0.8625, -0.2374],\n",
       "           [ 0.0000,  0.0000,  0.0000,  1.0000]],\n",
       "\n",
       "          [[-0.6922, -0.6446,  0.3245,  0.2857],\n",
       "           [-0.5085,  0.1166, -0.8531,  0.4388],\n",
       "           [ 0.5121, -0.7556, -0.4085, -0.4182],\n",
       "           [ 0.0000,  0.0000,  0.0000,  1.0000]]],\n",
       "\n",
       "\n",
       "         [[[-0.3851,  0.8690,  0.3106, -0.3387],\n",
       "           [ 0.7758,  0.4871, -0.4010, -0.2254],\n",
       "           [-0.4998,  0.0866, -0.8618, -0.2362],\n",
       "           [ 0.0000,  0.0000,  0.0000,  1.0000]],\n",
       "\n",
       "          [[-0.6967, -0.6483,  0.3071,  0.2869],\n",
       "           [-0.4917,  0.1199, -0.8625,  0.4353],\n",
       "           [ 0.5223, -0.7519, -0.4023, -0.4234],\n",
       "           [ 0.0000,  0.0000,  0.0000,  1.0000]]],\n",
       "\n",
       "\n",
       "         [[[-0.3881,  0.8728,  0.2959, -0.3474],\n",
       "           [ 0.7679,  0.4838, -0.4199, -0.2207],\n",
       "           [-0.5096,  0.0642, -0.8580, -0.2325],\n",
       "           [ 0.0000,  0.0000,  0.0000,  1.0000]],\n",
       "\n",
       "          [[-0.7004, -0.6487,  0.2975,  0.2899],\n",
       "           [-0.4831,  0.1241, -0.8667,  0.4323],\n",
       "           [ 0.5253, -0.7508, -0.4004, -0.4291],\n",
       "           [ 0.0000,  0.0000,  0.0000,  1.0000]]],\n",
       "\n",
       "\n",
       "         [[[-0.3765,  0.8788,  0.2932, -0.3595],\n",
       "           [ 0.7670,  0.4732, -0.4334, -0.2147],\n",
       "           [-0.5196,  0.0617, -0.8522, -0.2296],\n",
       "           [ 0.0000,  0.0000,  0.0000,  1.0000]],\n",
       "\n",
       "          [[-0.6907, -0.6581,  0.2997,  0.2917],\n",
       "           [-0.4923,  0.1244, -0.8615,  0.4268],\n",
       "           [ 0.5296, -0.7426, -0.4099, -0.4286],\n",
       "           [ 0.0000,  0.0000,  0.0000,  1.0000]]],\n",
       "\n",
       "\n",
       "         [[[-0.3668,  0.8826,  0.2942, -0.3743],\n",
       "           [ 0.7669,  0.4659, -0.4414, -0.2103],\n",
       "           [-0.5266,  0.0638, -0.8477, -0.2190],\n",
       "           [ 0.0000,  0.0000,  0.0000,  1.0000]],\n",
       "\n",
       "          [[-0.6931, -0.6481,  0.3156,  0.3004],\n",
       "           [-0.4875,  0.0990, -0.8675,  0.4222],\n",
       "           [ 0.5310, -0.7551, -0.3846, -0.4275],\n",
       "           [ 0.0000,  0.0000,  0.0000,  1.0000]]],\n",
       "\n",
       "\n",
       "         [[[-0.3605,  0.8842,  0.2971, -0.3791],\n",
       "           [ 0.7718,  0.4617, -0.4373, -0.2059],\n",
       "           [-0.5239,  0.0717, -0.8488, -0.2023],\n",
       "           [ 0.0000,  0.0000,  0.0000,  1.0000]],\n",
       "\n",
       "          [[-0.6992, -0.6300,  0.3379,  0.3070],\n",
       "           [-0.4878,  0.0749, -0.8698,  0.4238],\n",
       "           [ 0.5226, -0.7730, -0.3597, -0.4291],\n",
       "           [ 0.0000,  0.0000,  0.0000,  1.0000]]],\n",
       "\n",
       "\n",
       "         [[[-0.3718,  0.8821,  0.2894, -0.3788],\n",
       "           [ 0.7658,  0.4676, -0.4414, -0.2027],\n",
       "           [-0.5247,  0.0575, -0.8494, -0.1824],\n",
       "           [ 0.0000,  0.0000,  0.0000,  1.0000]],\n",
       "\n",
       "          [[-0.7018, -0.6206,  0.3497,  0.3081],\n",
       "           [-0.4890,  0.0628, -0.8700,  0.4213],\n",
       "           [ 0.5180, -0.7816, -0.3475, -0.4343],\n",
       "           [ 0.0000,  0.0000,  0.0000,  1.0000]]],\n",
       "\n",
       "\n",
       "         [[[-0.4021,  0.8665,  0.2959, -0.3678],\n",
       "           [ 0.7541,  0.4967, -0.4296, -0.2010],\n",
       "           [-0.5193,  0.0504, -0.8531, -0.1727],\n",
       "           [ 0.0000,  0.0000,  0.0000,  1.0000]],\n",
       "\n",
       "          [[-0.6943, -0.6223,  0.3614,  0.3078],\n",
       "           [-0.5077,  0.0676, -0.8589,  0.4193],\n",
       "           [ 0.5101, -0.7798, -0.3629, -0.4262],\n",
       "           [ 0.0000,  0.0000,  0.0000,  1.0000]]]]]), ee_gripper_vals=tensor([[[[0.4145],\n",
       "          [0.6031]],\n",
       "\n",
       "         [[0.4139],\n",
       "          [0.6030]],\n",
       "\n",
       "         [[0.4132],\n",
       "          [0.6049]],\n",
       "\n",
       "         [[0.4172],\n",
       "          [0.6064]],\n",
       "\n",
       "         [[0.4226],\n",
       "          [0.6056]],\n",
       "\n",
       "         [[0.4237],\n",
       "          [0.6063]],\n",
       "\n",
       "         [[0.4217],\n",
       "          [0.6060]],\n",
       "\n",
       "         [[0.4216],\n",
       "          [0.6047]],\n",
       "\n",
       "         [[0.4224],\n",
       "          [0.6045]],\n",
       "\n",
       "         [[0.4242],\n",
       "          [0.6041]],\n",
       "\n",
       "         [[0.4244],\n",
       "          [0.6032]],\n",
       "\n",
       "         [[0.4238],\n",
       "          [0.6029]],\n",
       "\n",
       "         [[0.4211],\n",
       "          [0.6040]],\n",
       "\n",
       "         [[0.4185],\n",
       "          [0.6041]],\n",
       "\n",
       "         [[0.4201],\n",
       "          [0.6042]],\n",
       "\n",
       "         [[0.4218],\n",
       "          [0.6054]],\n",
       "\n",
       "         [[0.4221],\n",
       "          [0.6056]],\n",
       "\n",
       "         [[0.4207],\n",
       "          [0.6066]],\n",
       "\n",
       "         [[0.4196],\n",
       "          [0.6068]],\n",
       "\n",
       "         [[0.4186],\n",
       "          [0.6065]],\n",
       "\n",
       "         [[0.4178],\n",
       "          [0.6057]],\n",
       "\n",
       "         [[0.4182],\n",
       "          [0.6052]],\n",
       "\n",
       "         [[0.4194],\n",
       "          [0.6053]],\n",
       "\n",
       "         [[0.4201],\n",
       "          [0.6059]],\n",
       "\n",
       "         [[0.4209],\n",
       "          [0.6066]],\n",
       "\n",
       "         [[0.4228],\n",
       "          [0.6065]],\n",
       "\n",
       "         [[0.4211],\n",
       "          [0.6041]],\n",
       "\n",
       "         [[0.4209],\n",
       "          [0.6027]],\n",
       "\n",
       "         [[0.4225],\n",
       "          [0.6021]],\n",
       "\n",
       "         [[0.4233],\n",
       "          [0.6022]]]], device='cuda:0'))"
      ]
     },
     "execution_count": 4,
     "metadata": {},
     "output_type": "execute_result"
    }
   ],
   "source": [
    "from xvla_wlr.model_legacy import Observation\n",
    "\n",
    "compute_actions_(\n",
    "    model=model,\n",
    "    processor=processor,\n",
    "    observation=Observation.sample(),\n",
    ")"
   ]
  },
  {
   "cell_type": "code",
   "execution_count": 5,
   "id": "352d3952",
   "metadata": {},
   "outputs": [
    {
     "name": "stdout",
     "output_type": "stream",
     "text": [
      "118 ms ± 1.87 ms per loop (mean ± std. dev. of 7 runs, 10 loops each)\n"
     ]
    }
   ],
   "source": [
    "%%timeit -n 10\n",
    "\n",
    "compute_actions_(\n",
    "    model=model,\n",
    "    processor=processor,\n",
    "    observation=Observation.sample(),\n",
    ")"
   ]
  }
 ],
 "metadata": {
  "kernelspec": {
   "display_name": ".conda",
   "language": "python",
   "name": "python3"
  },
  "language_info": {
   "codemirror_mode": {
    "name": "ipython",
    "version": 3
   },
   "file_extension": ".py",
   "mimetype": "text/x-python",
   "name": "python",
   "nbconvert_exporter": "python",
   "pygments_lexer": "ipython3",
   "version": "3.11.14"
  }
 },
 "nbformat": 4,
 "nbformat_minor": 5
}
